mse per frame: 165.73229087922633
[45.56200573618819, 70.61906381002287, 99.37425380799829, 127.32064919820645, 154.66487895686453, 180.9330772399902, 208.27411482275988, 232.25084248984732, 257.1697553308999, 281.1542673994855]
hss20 per frame: 0.3775466618641041
[0.5686762679467442, 0.5232462056611759, 0.4621889137585554, 0.41685026035966555, 0.37853409443755404, 0.3479141001048686, 0.30927120599964536, 0.28328469887901864, 0.25595407974065215, 0.22954679175315834]
hss35 per frame: 0.15722092610194238
[0.35212801107752323, 0.3122394232080351, 0.2441553224266649, 0.19934148875771418, 0.15884587386634896, 0.12713642776953493, 0.08005889114626888, 0.051262462915240226, 0.030380866966922743, 0.016660492885172636]
hss45 per frame: 0.044328318228015404
[0.17608195763954854, 0.1362588059032155, 0.06607211734957956, 0.03560732183278324, 0.015993150113215393, 0.008273522454170509, 0.002468708703527433, 0.0009661544224497355, 0.0008182650695409048, 0.000743178792123572]
csi20 per frame: 0.39383198646467876
[0.5402661393445525, 0.502874509120375, 0.45689031095939736, 0.4229745309237719, 0.395515084699469, 0.3724859985142213, 0.34349188476057646, 0.32299808896334353, 0.30099683647097664, 0.27982648089010775]
csi35 per frame: 0.10177988656199885
[0.23750388307325804, 0.20730642484703882, 0.15725930143732392, 0.12631528544507342, 0.09916599627824353, 0.07903749813984987, 0.04918667980196466, 0.03169184321239763, 0.019219988455283207, 0.011111964929554763]
csi45 per frame: 0.025899393289798876
[0.10727346718624962, 0.07972566413289368, 0.03677263507568953, 0.019415089338923757, 0.00864261113242649, 0.004422740962841514, 0.001328738870753916, 0.0005432019822801131, 0.0004573167660723947, 0.0004124674498578726]
mae per frame: 1061.673068572254
[554.4855884831126, 694.8818345977039, 828.5306584055832, 944.7451009610804, 1049.0817868116424, 1143.6137163860042, 1237.0583741723037, 1313.0715857529058, 1390.4201219512195, 1460.8419182009814]
psnr per frame: 20.965820024129737
[25.8024369529255, 23.938258620222573, 22.50489092770765, 21.473492247664044, 20.665733019169313, 20.0084471017523, 19.42889995820607, 19.002907028912254, 18.59167258212779, 18.24146180261]
ssim per frame: 0.6146471802919354
[0.7835836840999714, 0.7190885191202897, 0.6696115845531234, 0.6324794030739187, 0.6044591098530454, 0.5807200121475448, 0.5615692344409056, 0.5466209306379484, 0.5312198206050744, 0.5171195043875306]
lpips per frame: 51.2233903640654
[37.178228286708276, 43.52998184721644, 47.200980746164554, 49.73712247319338, 52.00054020416446, 53.832366008584096, 55.47340566792139, 56.7610172600281, 57.81974890610067, 58.70051224057267]
hss_csi_score per frame: 0.15579301556085046
