mse per frame: 159.80859551918215
[45.491063313367896, 73.28486980345191, 102.51887996952708, 130.4980758853075, 156.40463772285275, 180.30524003563858, 201.60976834180877, 219.19786133184664, 236.6447976647354, 252.13076112328505]
hss20 per frame: 0.4035881114345449
[0.6103134748057478, 0.5502222282076732, 0.4815816745780199, 0.4316200808460692, 0.39332793391216114, 0.3616506893608832, 0.33239997522534254, 0.31072075256502596, 0.290796816290409, 0.2732474885541213]
hss35 per frame: 0.23794065343106488
[0.42113910119568615, 0.3790718188399891, 0.31322877417862205, 0.2727350188529296, 0.23645510127790134, 0.20436284855944953, 0.1717972373144983, 0.14486924410813948, 0.12650706344633955, 0.10924032653709496]
hss45 per frame: 0.07590331400527105
[0.20546142229136352, 0.1820720457522537, 0.11160989500946984, 0.08216008155119205, 0.06308982158020687, 0.045288649891827, 0.028771699655918137, 0.018401932518144707, 0.012233332212283229, 0.009944259590051319]
csi20 per frame: 0.41590539021174194
[0.5732320924198316, 0.5217581919006921, 0.46950399844088847, 0.4317956747165309, 0.4051940504808048, 0.3830663648288792, 0.36322797839782406, 0.3493997662989142, 0.3365779229275497, 0.32529786170549824]
csi35 per frame: 0.1598615784953402
[0.29175182726463295, 0.2603389775146642, 0.2100154732748972, 0.18099815330240127, 0.1560095179197608, 0.13455939771763106, 0.11341941287212165, 0.09518069619851811, 0.08356797090186874, 0.07277435798690628]
csi45 per frame: 0.044624563048708384
[0.12687036193765933, 0.10966401319238292, 0.0642046901721379, 0.046748040606408234, 0.0352318306754484, 0.025156550380603587, 0.015851708499352486, 0.01017318121435746, 0.006789489553389825, 0.005555764255343892]
mae per frame: 1043.3364256249406
[548.981624175281, 706.4104968559451, 839.4768306080888, 953.537763790968, 1050.4991295791253, 1136.1725207817262, 1212.9444389529344, 1272.0337013802878, 1331.2427243116426, 1382.065025813405]
psnr per frame: 21.008532353257255
[25.80913670183557, 23.788762187710258, 22.376776378732703, 21.36427109386262, 20.601312251240774, 19.9937162575938, 19.517668994160093, 19.175692949449292, 18.85802779692102, 18.599958921066314]
ssim per frame: 0.6053451257008341
[0.777257961357257, 0.7087058538538114, 0.6578114478279208, 0.6201006319278692, 0.5923169943864427, 0.5696954099355076, 0.550382793440739, 0.5375031003124984, 0.5247359146252714, 0.5149411493410258]
lpips per frame: 47.461261443975495
[36.531929199288534, 41.808171243202395, 44.32303818260751, 45.962334188019355, 47.71279830758164, 49.086736142635345, 50.55808613939983, 51.73488292025357, 52.96392498946771, 53.93071312729905]
hss_csi_score per frame: 0.19615765370370264
