mse per frame: 150.77736206519896
[43.443879597361494, 69.8448162451023, 97.18690048776021, 123.21182317966368, 147.2517059512255, 169.50794975466846, 189.37329032711867, 206.37871545931188, 223.20805865031917, 238.3664809994581]
hss20 per frame: 0.3740422258193489
[0.6065902364747099, 0.5324454900217797, 0.460865039571923, 0.41226614375358517, 0.3701458525942449, 0.33735631358185797, 0.29664335383699114, 0.2686203812379223, 0.23977613551190927, 0.2157133116085687]
hss35 per frame: 0.18558535208154697
[0.4082708517222883, 0.3471637900416047, 0.2674389142685793, 0.23118076984406113, 0.18706865435941752, 0.15602539796576054, 0.10016254082934738, 0.07499524193362547, 0.049213446670646296, 0.034333913180138925]
hss45 per frame: 0.04429667432897359
[0.17601527107371165, 0.13662550193211814, 0.05913656106795552, 0.03799654287043727, 0.018638299871520377, 0.011386681741507967, 0.0025881377734493774, 0.00042948248423543785, 0.00014511547396595011, 5.149000834312699e-06]
csi20 per frame: 0.38645457275920087
[0.5645239174782951, 0.5051921990444187, 0.45037693311460025, 0.4132027267116403, 0.3830465427186273, 0.3588503797731486, 0.32896188512872543, 0.30795582019552575, 0.28555354889248014, 0.26688177453454276]
csi35 per frame: 0.12298637098275911
[0.2807845083977692, 0.23504490345705267, 0.17600714708360737, 0.15093491500507727, 0.12067376102890152, 0.10066359764195469, 0.06390623156772063, 0.04789269598854412, 0.03162386319156137, 0.022332086465401628]
csi45 per frame: 0.02578689977647034
[0.10622046235342024, 0.07973490132599623, 0.033062337070574814, 0.020889796239562903, 0.010103990909822419, 0.006109647809431124, 0.0013927907020702653, 0.00024736777121270326, 9.011392762013783e-05, 1.7589654992544723e-05]
mae per frame: 1023.7775745224371
[546.4135734744189, 693.8447346012766, 827.1011267685308, 933.9652802258004, 1028.876882115806, 1109.0891902272294, 1185.8315705090035, 1245.3707623737614, 1307.0432862816788, 1360.2393386468655]
psnr per frame: 21.27594620625751
[26.005180379537062, 23.99848725647175, 22.60773365753894, 21.61921547191895, 20.876516364263065, 20.28584475001881, 19.824972966267996, 19.486064222535358, 19.159121016853526, 18.896325977169912]
ssim per frame: 0.6081290110533544
[0.7762463864579345, 0.7132299401331602, 0.6592335135168116, 0.6242832401930162, 0.5955478366762982, 0.5754812470618692, 0.5544358246268337, 0.541381791285758, 0.5263808704722646, 0.5150694601095948]
lpips per frame: 50.79225290112379
[37.51596223290374, 43.51189423625062, 47.02977069267413, 49.39888915637644, 51.44697038865671, 53.04094044173636, 54.910578633227, 56.007317072007716, 57.11439520847507, 57.94581094893014]
hss_csi_score per frame: 0.16307886617966108
