mse per frame: 167.78733904396614
[46.04667376076303, 75.5553833845185, 106.44213733207887, 136.23766051501764, 163.5506566489615, 188.67548727640292, 211.33547936416255, 231.04056483943288, 250.68291008181689, 268.3064372365068]
hss20 per frame: 0.40116794181866466
[0.6306150707013696, 0.5576580346098859, 0.4820356801135612, 0.42722294219259943, 0.38659911382458306, 0.3528865201089072, 0.3237055646250111, 0.30233415703250427, 0.2832806666001007, 0.26534166837813045]
hss35 per frame: 0.2444770970640081
[0.4632942715867016, 0.39677009092544013, 0.3200379883651601, 0.27026189836061476, 0.23388685870697967, 0.2013067535140233, 0.17133845598476252, 0.14561715993610036, 0.12858891939592468, 0.11366857386437346]
hss45 per frame: 0.082171362219332
[0.2429801159545661, 0.18375345027037954, 0.11282108719721522, 0.08246223331171931, 0.06446149329551625, 0.04752142340477098, 0.03234480528499395, 0.0241174384941335, 0.017748900561410274, 0.01350267441861506]
csi20 per frame: 0.4153078673375891
[0.5903613548359782, 0.5277665007507354, 0.469914602803005, 0.42975423117487754, 0.4014671760960142, 0.378179393735177, 0.3582852007815626, 0.3444134751836407, 0.3321950849350663, 0.3207416530798348]
csi35 per frame: 0.16559714548792986
[0.3281123058258998, 0.27483883426002553, 0.21574093608643682, 0.17908436240221653, 0.1541940663849374, 0.13234200379460923, 0.11324796814067609, 0.09600431965057112, 0.0856768218906011, 0.07672983644332557]
csi45 per frame: 0.048642245791288376
[0.15384252403240428, 0.11027788040999176, 0.06485722225366942, 0.04660590711742565, 0.03600717586232441, 0.026365980133604326, 0.01775493092381484, 0.013336808828536205, 0.009881335645213915, 0.007492692705898922]
mae per frame: 1068.394997327851
[550.1791988465844, 712.6740561136385, 849.5741561517484, 971.1402581935976, 1072.7827523580413, 1164.5524640339177, 1244.7915899509337, 1310.1757373344608, 1375.5242211318598, 1432.555539163729]
psnr per frame: 20.80815778402096
[25.75541521532509, 23.660147009361022, 22.213287234969897, 21.17146952148599, 20.394281585621822, 19.778486036724512, 19.295320209037683, 18.926173723084244, 18.584350516238647, 18.302646788360576]
ssim per frame: 0.5954181254562732
[0.7766979724526231, 0.7071169360039201, 0.6540499504342484, 0.6128932054793738, 0.5825272373128794, 0.5573739534634301, 0.5369666424947422, 0.5222129196782481, 0.5078930241024459, 0.49644941314081975]
lpips per frame: 45.456682436349915
[35.89096808942353, 40.76153626892625, 42.83491009619178, 44.087432179509136, 45.5174883691276, 46.77877091779941, 47.8622919175683, 48.990972994304286, 50.359618954542206, 51.482834576106654]
hss_csi_score per frame: 0.19998519019324495
