mse per frame: 155.85355344539735
[44.917509441840934, 71.94038812590809, 99.89091612653034, 126.55909498261242, 151.65280402578958, 175.18545454071787, 196.04232177734377, 213.70443785132431, 231.4144515060797, 247.2281560758265]
hss20 per frame: 0.4045698206307035
[0.6216217879159588, 0.5576544578784534, 0.4868587285452691, 0.4344264957496746, 0.394402865736113, 0.3612735051450552, 0.3303394800475535, 0.3072406541977746, 0.2850276618502806, 0.26685256924089923]
hss35 per frame: 0.2339008360367807
[0.44170157138526106, 0.38384561459495703, 0.31226047115591365, 0.26775961207724996, 0.23176022354881476, 0.20117569421724324, 0.1654228585379443, 0.13232741432244877, 0.1108934114340053, 0.09186148909396673]
hss45 per frame: 0.06537395738547715
[0.20742077846809737, 0.1643740752767003, 0.09097259248922282, 0.06730418741798863, 0.04788525709094927, 0.03358707133577496, 0.01822990558817135, 0.010566985063574803, 0.007019799330981774, 0.006378921793310336]
csi20 per frame: 0.41757602518397235
[0.5822307840023384, 0.5285211395163396, 0.4745262187121616, 0.43576688522296503, 0.4077834488465644, 0.3843743719015828, 0.3635277562356371, 0.34741941544704963, 0.33240079356344676, 0.31920943839163934]
csi35 per frame: 0.15726179711662103
[0.3097406741113267, 0.26464310783827416, 0.2094748860048769, 0.17710483252110476, 0.1521292316700216, 0.13167224325386875, 0.1080758913626401, 0.08600157068495329, 0.07263522283866514, 0.061140310880476195]
csi45 per frame: 0.03814067128233874
[0.12671361086045851, 0.09705159249803279, 0.05138587080354541, 0.03782821399739067, 0.02653103325150008, 0.01853221063970943, 0.009986113568706195, 0.005921372274185862, 0.003926708872018939, 0.003529986057839361]
mae per frame: 1047.2620718532655
[541.1198482606469, 700.1241409673923, 834.0841239370951, 948.8446975335842, 1049.2208143280775, 1139.790007949457, 1222.17567094012, 1285.3802177615282, 1348.5228619831364, 1403.3583348716177]
psnr per frame: 21.0992998981992
[25.865677987819865, 23.867155207551654, 22.483830082785474, 21.488181018361786, 20.72099174640502, 20.101583461749307, 19.620428223854475, 19.266356661389683, 18.92690511216942, 18.651889479905265]
ssim per frame: 0.6031376966120632
[0.7788324110601135, 0.7108039169289633, 0.659003694731661, 0.620166460748516, 0.590785037281638, 0.5668554605493543, 0.5454857856469513, 0.5321091113436179, 0.5189792306852856, 0.508355857144524]
lpips per frame: 48.563498038707706
[37.0523250866227, 42.38802481715272, 45.2376094169733, 46.97367894213374, 48.85449231397815, 50.32196775442216, 52.00610059063609, 53.12456782998108, 54.370080988581584, 55.30613264659556]
hss_csi_score per frame: 0.19192461726224297
