mse per frame: 163.99823748379217
[45.54783882048072, 74.22306888859447, 103.85120974284845, 132.55040560466486, 159.08147313187763, 183.76107123770365, 206.6235500056569, 226.10785877879076, 245.50123134706078, 262.7346672802437]
hss20 per frame: 0.4114574013730273
[0.6435724089561358, 0.5634086356196483, 0.4883636486289679, 0.4372099929862562, 0.3969105817440056, 0.36463565328088654, 0.33541321246383193, 0.31371864633516944, 0.2940197617974545, 0.2773214719179246]
hss35 per frame: 0.2477375064790645
[0.48356549260724885, 0.3999376104614752, 0.31947132841578474, 0.27449730897156194, 0.23668201107901504, 0.20267874358587187, 0.17435676841213757, 0.1474666048529842, 0.12811234868209737, 0.11060684772247015]
hss45 per frame: 0.07958327563357374
[0.2454204732532477, 0.1793539784393168, 0.1035099153241824, 0.081553657392623, 0.05941433790761514, 0.04549136127958793, 0.031007703578957588, 0.022548056634625342, 0.015260913056057791, 0.01227235946952389]
csi20 per frame: 0.4243140774608384
[0.6015415930448066, 0.5334462878923751, 0.4762652849851409, 0.4380826622215381, 0.4101115067172758, 0.3876147423687165, 0.3681820610603794, 0.3543906979728828, 0.34203411333349265, 0.3314718250117731]
csi35 per frame: 0.1679703057767974
[0.3462561835900285, 0.27761153764932345, 0.2153180619741268, 0.18223611028118647, 0.15597393692620284, 0.1330912079417254, 0.1147409373334995, 0.09644897354877965, 0.08443300598466368, 0.0735931025384364]
csi45 per frame: 0.04709301897020586
[0.15546446798876773, 0.1071999790773458, 0.05912603212801, 0.04616339908037393, 0.03308055653648502, 0.025093362615886516, 0.01705281642616545, 0.012449642214109173, 0.008480580912127484, 0.006819352722787784]
mae per frame: 1060.7168045862709
[550.6353284882337, 709.8768610512337, 842.8944935124094, 961.0898989793732, 1061.53891661109, 1152.2286454363568, 1234.6779259658442, 1301.5420584329745, 1367.6672738424163, 1425.0166435427782]
psnr per frame: 20.90381630271752
[25.79755757390988, 23.73328236274868, 22.319777621000394, 21.291781413864978, 20.515459665842325, 19.89355588837506, 19.393266563706966, 19.021693620195936, 18.674996534584828, 18.39679178294612]
ssim per frame: 0.5995267039218234
[0.7772718779692963, 0.7090058877382589, 0.6574449136970021, 0.6176569184950202, 0.5881394563671625, 0.5633467476704848, 0.5425201256110046, 0.5271570549457623, 0.5122306892598664, 0.5004933674643811]
lpips per frame: 46.726185837533414
[36.5233067150523, 41.64658421423377, 43.90920742255886, 45.265390378672905, 46.81441994701944, 48.154753264857504, 49.460933702747994, 50.60377996869204, 51.88393541952459, 52.99954734197477]
hss_csi_score per frame: 0.20255556091976495
