mse per frame: 154.14584160455843
[43.51321219002328, 70.86294435640662, 99.36410092609684, 126.54414933367472, 151.2726997375488, 174.06700446896437, 193.7666744511302, 211.03976542775223, 227.84603710639766, 243.18182804758956]
hss20 per frame: 0.4102279764735081
[0.647984864814723, 0.5696568295351573, 0.4954663221198082, 0.44251300643479136, 0.3993682196596392, 0.3631092425614735, 0.33013282899275126, 0.30673190253682875, 0.28340505993383014, 0.2639114881460767]
hss35 per frame: 0.223927607872228
[0.4717738513399328, 0.3921639400590606, 0.30541859725333936, 0.2586493397007755, 0.21597463964552094, 0.18364692512920658, 0.14150879009164882, 0.1119988282299244, 0.09008247797162608, 0.068058689301245]
hss45 per frame: 0.07609108402138348
[0.27230555505679493, 0.20103874685323828, 0.10684789747228148, 0.07334968549304541, 0.047102445327777284, 0.03180621345129548, 0.014089522479225418, 0.007838209403738864, 0.00419687014742143, 0.0023356945290162715]
csi20 per frame: 0.4257970722909986
[0.6093375155640545, 0.5418374205611642, 0.48506574276258385, 0.4455393223075948, 0.41533740561385474, 0.3893174302102538, 0.3669447200984241, 0.3503992249787137, 0.3340243925928041, 0.3201675482205358]
csi35 per frame: 0.15036393954304086
[0.3369685133625457, 0.27153647803336434, 0.204550135964924, 0.17071634477096287, 0.14063586067728645, 0.11862088470824377, 0.09044844619033648, 0.07088224295614426, 0.05658710316663771, 0.04269338559996105]
csi45 per frame: 0.04603803782958683
[0.17632139423254972, 0.1225969925406471, 0.0612663525049483, 0.041505078546220035, 0.02596938453784314, 0.017351901445926174, 0.007623705506257178, 0.004235254311413187, 0.0022428350115352206, 0.0012674796585280433]
mae per frame: 1054.2619837914444
[540.6213272466892, 700.6406106344084, 838.9138015374906, 956.9637403534679, 1056.2917420922256, 1145.1996013362234, 1227.118667528106, 1295.1957324516484, 1361.1077228825268, 1420.5668918516578]
psnr per frame: 21.15255613131331
[25.99587551039436, 23.936347074093018, 22.514333888242724, 21.494168650520994, 20.740676802793562, 20.13722743307518, 19.674549757026742, 19.320455337255257, 18.99337540882019, 18.71855145091089]
ssim per frame: 0.6001700001935426
[0.7807818568056653, 0.7120717563792514, 0.6576689523087119, 0.617980397464958, 0.5885553028861126, 0.5647587352829739, 0.5426707726088886, 0.526547024748241, 0.5118473134540495, 0.49881788999657345]
lpips per frame: 51.73995849562854
[37.98560994427378, 44.27547447565125, 47.91437500133747, 50.36089162274105, 52.54971454056298, 54.171684093591644, 55.934398784870055, 57.07958903981418, 58.17859194627622, 58.94925550716679]
hss_csi_score per frame: 0.19442997626342942
