mse per frame: 169.22679841762633
[46.210633729143844, 75.8498262172792, 107.10646175291481, 137.24931149366427, 164.99389739618067, 190.53535353497762, 213.48815281565595, 233.4079312580388, 253.07158690661916, 270.35482907178925]
hss20 per frame: 0.39784663665204617
[0.6254480084713783, 0.5546839505151634, 0.4801718979760069, 0.42446383780341285, 0.38384657705273684, 0.34926173868007665, 0.3204704449463144, 0.2991787311874941, 0.27880091980617205, 0.2621402600817116]
hss35 per frame: 0.2445829540437974
[0.4564583043604727, 0.394933081280995, 0.32240776627284223, 0.27240333757688356, 0.23561595847061476, 0.2022167621827294, 0.17418622653152785, 0.1469549389362225, 0.12725142463290998, 0.11340174019277446]
hss45 per frame: 0.08145077062191013
[0.2413616726936869, 0.17661744539553892, 0.11451838517566547, 0.08232017006236289, 0.06578905777719517, 0.04771359885999396, 0.03183437366526745, 0.023127802088577336, 0.01738357898057839, 0.013841621520234446]
csi20 per frame: 0.4117371995363855
[0.5856901770908316, 0.524647273496672, 0.4678831262558516, 0.42680617834988205, 0.3985590201378428, 0.37471074236690094, 0.35461072891802786, 0.34074315309034675, 0.32745528756517045, 0.31626630809232315]
csi35 per frame: 0.166108509042314
[0.3225593018058024, 0.2733193235132553, 0.2177947592628353, 0.18105486624046993, 0.15570801806896267, 0.13351168696776017, 0.11577894653994113, 0.09769912133695641, 0.08599474672533675, 0.07766431996182062]
csi45 per frame: 0.04812079014967125
[0.15232008989868479, 0.10553119770928876, 0.06588194029466646, 0.04644032085609302, 0.03678827338985875, 0.026463402771345453, 0.01752106342133627, 0.012822318243029075, 0.00972837654523703, 0.007710918367172731]
mae per frame: 1072.8944708326385
[549.8922023121904, 714.1433357797018, 852.3713269489567, 975.6139005335366, 1078.5923790908441, 1171.074467356612, 1251.6508696765434, 1316.816048673304, 1381.6242450993236, 1437.1659328553735]
psnr per frame: 20.774229827032556
[25.742168770005513, 23.643958730721437, 22.185878425683285, 21.136852185580125, 20.354507815319895, 19.735044839315517, 19.250404011830895, 18.881599588986514, 18.543047673468035, 18.268836229414628]
ssim per frame: 0.5928945781948098
[0.7764021032445357, 0.706052152761824, 0.6524238821398449, 0.610371412257407, 0.5793862622192612, 0.5540060775657573, 0.5334791838082074, 0.518671302398226, 0.5045550098120954, 0.49359839574094283]
lpips per frame: 45.28592173646136
[35.89545046774352, 40.682801295344426, 42.65487219502286, 43.91100130430082, 45.28819751448748, 46.51341783564265, 47.59758518236439, 48.77464520495112, 50.18215557424033, 51.35909079051599]
hss_csi_score per frame: 0.1989832977179397
