mse per frame: 166.3554911245951
[45.606275446822, 74.76370144355587, 105.47096958625609, 134.99078181197004, 162.21455126506527, 187.30472873594704, 209.93738012546444, 229.1697543074445, 248.38933414366187, 265.70743437976375]
hss20 per frame: 0.4049902057131632
[0.6310291069383511, 0.5587796568453438, 0.4866873332589393, 0.4316718356882193, 0.39147352816587705, 0.3577959531457068, 0.32900651064105285, 0.30725914682863165, 0.28661924797130633, 0.2695797376482042]
hss35 per frame: 0.2467412245922428
[0.45705976912308427, 0.3946268951090006, 0.3247925903179637, 0.2755966862380818, 0.23884582145079863, 0.20550116798981355, 0.17694583191424537, 0.1496252720286416, 0.1296145444674627, 0.11480366728333809]
hss45 per frame: 0.08237363054208185
[0.2385058771498801, 0.184204517147639, 0.11621005341737875, 0.0833672209044411, 0.06627810436620145, 0.04778455308849614, 0.032560269536729185, 0.0238204266306131, 0.017242736499667052, 0.013762546679772262]
csi20 per frame: 0.418715610989348
[0.5914516610604579, 0.5287906657040359, 0.4738079258710771, 0.4331370983536844, 0.40529678156430976, 0.38216938666202444, 0.36255720573527483, 0.3487483695319316, 0.33597865426894596, 0.3252183611417384]
csi35 per frame: 0.1675513726157713
[0.32281025230513344, 0.27317479467852435, 0.2196699046205224, 0.18347997109177436, 0.15816057943470463, 0.13588254151823947, 0.11765161465887543, 0.09916945424626943, 0.08708878137269077, 0.07842583223097871]
csi45 per frame: 0.04862425769216894
[0.15026368404628457, 0.11022793179703869, 0.06689237675312416, 0.04701294281804839, 0.03700895010453667, 0.026520708823348987, 0.017925563098334565, 0.013179872368570506, 0.00957743505679222, 0.007633112055610734]
mae per frame: 1064.2816475100633
[550.5327854807783, 711.1715928984852, 847.5472611590129, 967.3917851145674, 1068.57143495141, 1159.8177332436167, 1240.260015571408, 1304.1826524687976, 1368.661577922542, 1424.6796362900152]
psnr per frame: 20.853038894545396
[25.796573284528073, 23.706568567413587, 22.25708799937424, 21.21568943345444, 20.436264924431146, 19.818289320050965, 19.333288998189975, 18.97155190726336, 18.63659378413042, 18.358480726617604]
ssim per frame: 0.5979489864528309
[0.7761695071764976, 0.7073158931477549, 0.6549584978868785, 0.6147866438655494, 0.5851954638637643, 0.560527579577622, 0.5405650344204377, 0.5263372578529888, 0.5123492412180579, 0.5012847455187681]
lpips per frame: 45.967093802443365
[36.14458946920023, 41.01003083150561, 43.2150092793674, 44.587934380624354, 46.0600535680608, 47.37007908704804, 48.50488017971923, 49.659419568573554, 51.0143658736857, 52.104575786648724]
hss_csi_score per frame: 0.20166400924606653
