mse per frame: 140.67804618881974
[41.075970100775, 64.186625289917, 88.87392325052402, 112.91964807277773, 135.3271197807498, 156.22558725868782, 175.6285766973728, 193.39504156345274, 211.2835890607136, 227.86438081322646]
hss20 per frame: 0.4112963820496078
[0.6251754545318193, 0.5559182980698092, 0.4920626175707831, 0.4457475016104338, 0.40758959366615904, 0.3780302717939977, 0.34239750229304805, 0.31537993303742184, 0.2874769393247767, 0.26318570859782464]
hss35 per frame: 0.17669311266835666
[0.41896704357621545, 0.3287495142467403, 0.25405194186506846, 0.21351851929930155, 0.17267196251447073, 0.14608499405102052, 0.09763903203912813, 0.06787441503316251, 0.0416902657453688, 0.02568343831308982]
hss45 per frame: 0.04889794760962195
[0.23008942016978837, 0.12442708637694042, 0.062389470116058186, 0.03431239322222868, 0.018195711172604587, 0.010318114260828008, 0.004464331040155665, 0.0024128679623332053, 0.0014076433673589862, 0.0009624384079234844]
csi20 per frame: 0.42566830586859616
[0.589575725587322, 0.5313831322858363, 0.4834187696973544, 0.4484821279713878, 0.4220476540585456, 0.40068220288376516, 0.3755363138448366, 0.3554545683216581, 0.3344852150269899, 0.3156173490082663]
csi35 per frame: 0.11639261009772861
[0.29315792001084295, 0.22176974080169803, 0.16640563733637767, 0.13776928600369998, 0.10934282322870875, 0.09228540184433602, 0.06032946512010497, 0.04165603050366208, 0.025518559035821932, 0.01569123709203453]
csi45 per frame: 0.02928025582888803
[0.14544481569732307, 0.07298247855484614, 0.0349149428058886, 0.018887413918537703, 0.009949597029199137, 0.005631208001334018, 0.0023938278338881285, 0.0013059621431864839, 0.0007687917053839638, 0.0005235205992932103]
mae per frame: 978.8330441284179
[516.943185052639, 659.0107787341607, 783.0180949141339, 890.7277917629335, 981.3684804032489, 1063.3376473775725, 1135.0483145364901, 1195.529144584842, 1255.4780251107566, 1307.8689788074028]
psnr per frame: 21.562334995308596
[26.234509467754386, 24.343526728830845, 22.97507961483167, 21.97379520482451, 21.2195669140174, 20.609135646056764, 20.120997767281505, 19.728352438950388, 19.358682872174043, 19.05970329836435]
ssim per frame: 0.6270162919831043
[0.7879075177906902, 0.7261767623998273, 0.6778149644878945, 0.6410439501884213, 0.6144857270237188, 0.592042240604992, 0.5754763355554255, 0.5632220749915176, 0.5511306894637047, 0.5408626573248486]
lpips per frame: 51.39395045071113
[39.3359965667492, 45.00729834161154, 48.3422676601061, 50.6251449992017, 52.61554194659722, 54.01175272900884, 55.03387498419459, 55.714806623575164, 56.40433499725854, 56.84848565880845]
hss_csi_score per frame: 0.17154622816154239
