mse per frame: 226.0133322036557
[49.447474340113196, 82.90614116017412, 122.85489256323838, 165.7767650139041, 209.34842767482849, 250.92053948379146, 290.5736807474276, 327.4474620167802, 363.22561206352424, 397.63232697277533]
hss20 per frame: 0.2565359028226377
[0.6031633461390787, 0.49519249191740783, 0.39828337881271797, 0.3128700107037738, 0.24030040872835168, 0.1811526239112415, 0.1311226771490715, 0.09393009084502364, 0.06478847950173791, 0.04455552051797022]
hss35 per frame: 0.07892279735245211
[0.3430430940587709, 0.1890005475910232, 0.09533131818381016, 0.05063019483788675, 0.03264595920964943, 0.02350641965382253, 0.017262023914385822, 0.014778654635345237, 0.012804710682093559, 0.010225050757733034]
hss45 per frame: 0.006847656925300127
[0.05324523689811118, 0.006223214828422894, 0.0017568469682014778, 0.0011158414251878973, 0.0002106044665667098, 0.0010215211515636733, 0.0011847295134595392, 0.0023240009052929275, 0.00119914585291183, 0.00019542724328312877]
csi20 per frame: 0.2909191049215259
[0.5630722273337567, 0.47627288647715044, 0.4021674046858168, 0.33679330288385995, 0.2819068016287383, 0.23502680576930363, 0.19475656106062403, 0.16288573993394292, 0.13740278722310592, 0.11890653221896014]
csi35 per frame: 0.05666744160381371
[0.230164620766921, 0.1229583984548349, 0.06413307719699579, 0.03739319807653438, 0.026889629248528883, 0.021609702055604262, 0.01809169057465557, 0.016501672353830567, 0.015297916329348767, 0.013634510980883323]
csi45 per frame: 0.003826467395568241
[0.029315985568837983, 0.0033016127934379393, 0.0009828089348622496, 0.0006607371627625067, 0.0002076856064084456, 0.0006511105486488872, 0.0007559881973764693, 0.0014000707599100244, 0.0007547848653300698, 0.0002338895181078331]
mae per frame: 1342.0709678314952
[631.5727014309023, 824.963638231231, 1006.0479767590035, 1173.7630527403296, 1327.5412095977038, 1464.5310402474752, 1589.302573301734, 1700.1701600609756, 1803.7259223751905, 1899.0914035704077]
psnr per frame: 19.68718936611874
[25.415697702020335, 23.21874955179508, 21.53365096490705, 20.242445282548626, 19.24254850118875, 18.468336795908805, 17.854483517567477, 17.364483114579226, 16.944630392658286, 16.586867838013877]
ssim per frame: 0.5132641670046793
[0.7033393536885847, 0.6325686238484458, 0.5772628329221529, 0.5342047630729838, 0.5012633188964641, 0.47467363498930965, 0.45272298250394044, 0.43496304631223737, 0.4184976754044627, 0.4031454384082105]
lpips per frame: 56.597277434860786
[46.22857370754568, 50.51233830248437, 53.336003059294164, 55.41662679212849, 57.35302164060314, 58.81097185902479, 59.90210735216373, 60.69056398984863, 61.52815811517762, 62.19440953033726]
hss_csi_score per frame: 0.09429499264954062
