1166.5931971232096
[1163.6565246582031, 1157.71204884847, 1153.4554926554363, 1153.3746032714844, 1150.4044596354167, 1165.4571787516277, 1179.098533630371, 1190.3923619588215, 1182.5599466959636, 1169.820821126302]
3205.4611206054688
[3188.8743693033853, 3176.6998189290366, 3167.6522318522134, 3174.0310668945312, 3178.4266764322915, 3209.3590291341147, 3237.468760172526, 3259.3666381835938, 3240.537343343099, 3222.195271809896]
12.866659093883722
[12.97614301054679, 13.014176940347014, 12.928949161415252, 12.938070268825479, 12.913065195910951, 12.845907928617526, 12.795171924832857, 12.728133424996768, 12.77908200259674, 12.747891080747799]
0.24036327999823665
[0.24759697238384223, 0.2527543512873655, 0.24470735883611847, 0.24239917478263262, 0.24138445648200638, 0.2392783530432666, 0.23623158004324143, 0.23136333819689672, 0.23687726997289196, 0.2310399449541051]
83.62587889035542
[82.99075563748677, 83.25720727443695, 82.78725345929463, 83.09825360774994, 83.39283963044484, 84.32260652383168, 84.4306210676829, 83.44609638055165, 84.18162763118744, 84.35152769088745]
