mse per frame: 155.91726888098367
[41.615731146277454, 67.37922599606398, 95.29852266079041, 123.3208778009182, 149.5745436877739, 174.20682732186665, 196.49125738376526, 217.0967582330471, 237.32755422824766, 256.86139035108613]
hss20 per frame: 0.4109307066772674
[0.6455036819479212, 0.5675100856392381, 0.49942297941029273, 0.4466690098248761, 0.4043228927440467, 0.3702716368740688, 0.3350572998520826, 0.30745781437269515, 0.2790626895816745, 0.25402897652578993]
hss35 per frame: 0.2256178260855616
[0.48873542125797786, 0.3960428258498764, 0.3140546057845406, 0.2634383752367936, 0.21785073257940984, 0.18468399425861823, 0.14158172097264665, 0.10881061719617925, 0.07982914914480757, 0.06115081857476881]
hss45 per frame: 0.07036618274456807
[0.2800426151229197, 0.18487135209999644, 0.09961846771799782, 0.05929594116237592, 0.0340192158650475, 0.020377171905340795, 0.011417727991021058, 0.00743553374047838, 0.003738325910344131, 0.0028454759301592717]
csi20 per frame: 0.41806325530755084
[0.6011897294813423, 0.5356938815737008, 0.482902033867847, 0.44276713383957045, 0.4122660847181168, 0.3869271085172609, 0.36139898348788746, 0.3401741523372377, 0.31850575796277747, 0.29880768728976653]
csi35 per frame: 0.15380046382202925
[0.3503002123873263, 0.27359111398047953, 0.2108587080019652, 0.17457158737143266, 0.14313144749509496, 0.12149177812686947, 0.09327147986305816, 0.07263167632511523, 0.054819469101534096, 0.04333716556741585]
csi45 per frame: 0.042684421318842494
[0.180336071391278, 0.11131191029464649, 0.05696109576324278, 0.033447410489933715, 0.019046187487181277, 0.011477329213155953, 0.006394003332392307, 0.004173765894629364, 0.0021041235765160665, 0.0015923157454488242]
mae per frame: 1036.1019518149772
[523.5490017030297, 677.4741973132622, 812.0372240020008, 933.2948696229515, 1034.765515136719, 1128.8274842797257, 1207.6395224966654, 1278.684939351896, 1348.9359765029535, 1415.8107877405678]
psnr per frame: 21.19212710430736
[26.177493178813886, 24.142380140573238, 22.68716494678304, 21.607825154755332, 20.80450175965261, 20.157106703530605, 19.656463956558106, 19.252511884289373, 18.881617809575964, 18.554205508541518]
ssim per frame: 0.6158334656933028
[0.7874060362674178, 0.7225266508133643, 0.6713960425048856, 0.6319203261912497, 0.6034663829095704, 0.5790008024025249, 0.5614314693290626, 0.5471950612193166, 0.5333201788229739, 0.5206717064726623]
lpips per frame: 52.54914623571605
[38.575810521114164, 45.12430538491505, 48.834030620935486, 51.3155345146249, 53.55672153030954, 55.250068844818486, 56.763871123151084, 57.79635241118873, 58.74278596261652, 59.531981443486565]
hss_csi_score per frame: 0.19263256679461277
