mse per frame: 171.57363747620002
[46.38835249644954, 76.48384629226312, 108.25776318805974, 138.82126742107113, 166.98057133744402, 192.9080496253037, 216.5319138875822, 237.06085327892768, 257.23784384378575, 275.0659133911133]
hss20 per frame: 0.398088066643835
[0.6305319940066212, 0.5557914074265178, 0.4811135184700763, 0.4247820942727148, 0.3837921680539571, 0.3489027676670395, 0.3194562059587212, 0.2976857111508155, 0.27771296884679364, 0.26111183058508863]
hss35 per frame: 0.24326093619739608
[0.4608296862455337, 0.3942003713553529, 0.320824765515687, 0.2699018978589956, 0.2327327526822121, 0.20030619105146888, 0.17074718999140945, 0.14474378023386475, 0.12624526848046858, 0.11207745855896958]
hss45 per frame: 0.081736725169882
[0.24223611727628572, 0.17562543298279273, 0.11349985391689366, 0.0812595546895213, 0.06624095022995041, 0.04912572886574133, 0.0332732761761969, 0.023900702586123812, 0.01781023233002238, 0.014395402645290899]
csi20 per frame: 0.41275981570325543
[0.590468282651914, 0.5260638529404619, 0.4691013747262918, 0.4275186578337641, 0.39916624410574564, 0.3751614019675855, 0.3547586114949811, 0.3406920230951116, 0.3277068171752474, 0.31696089104144926]
csi35 per frame: 0.16512390527421011
[0.32620317686174, 0.2726626248624741, 0.21660222637167145, 0.1790905376777709, 0.15357758015121686, 0.132060915761071, 0.11354007076131424, 0.09607978027533394, 0.08499071242087307, 0.07643142759863442]
csi45 per frame: 0.0482820061902088
[0.153023389975717, 0.10494963465345225, 0.06530195771404734, 0.04580665484213352, 0.03697835714528315, 0.02726371973348869, 0.018314396701271222, 0.013225641208645257, 0.009954443471979092, 0.008001866456070558]
mae per frame: 1078.0479759179093
[551.8866842874667, 716.1637897770579, 855.8907344166826, 979.5633323111185, 1083.1094320157679, 1176.0324829101564, 1257.6987533941501, 1324.2788245224372, 1389.7205195729325, 1446.1352059713224]
psnr per frame: 20.71817986291408
[25.725208373524953, 23.608304269810727, 22.138697070094278, 21.085323537178585, 20.299436361503364, 19.677890359615688, 19.18501188568045, 18.80908130001472, 18.466348145429397, 18.18649732628893]
ssim per frame: 0.5914942477401789
[0.7757566072428231, 0.7052744727412998, 0.6511608379443046, 0.6090222772296303, 0.5780559961502078, 0.5526014311946879, 0.5318644182682856, 0.516950099556283, 0.5026103998286868, 0.4916459372455741]
lpips per frame: 45.089268976958785
[35.77053056257527, 40.448991718088706, 42.38859029804788, 43.66864765562662, 45.098575477193044, 46.36351200865536, 47.42538038550354, 48.59418087616199, 49.99182177026098, 51.14245901747448]
hss_csi_score per frame: 0.19882707882293552
