mse per frame: 152.8805645807778
[43.88902592542695, 70.96802629610387, 99.32073758753334, 126.23555169454436, 150.3070915966499, 172.40205859672733, 192.13347588515865, 208.72980242473324, 225.0407901298709, 239.77908567102943]
hss20 per frame: 0.42260596321216
[0.638172650428545, 0.5656409831415435, 0.5009161519503693, 0.4506202361457164, 0.4099646126477342, 0.37787741485473536, 0.3491377248552763, 0.3298496139636389, 0.310608476639633, 0.2932717674944069]
hss35 per frame: 0.22713698344004188
[0.44748602252167785, 0.37283728736267024, 0.3117932276470843, 0.2658422999276404, 0.22370838163228512, 0.19200904863080054, 0.1539330144117794, 0.12364569045137307, 0.10156537993438532, 0.07854948188072379]
hss45 per frame: 0.06501612508443098
[0.2581548181063493, 0.1600331270311435, 0.09453293686867897, 0.06204388845854546, 0.036092834159735555, 0.021330483450967656, 0.00975193951689342, 0.005003889761605939, 0.002267986455287272, 0.0009493470351023102]
csi20 per frame: 0.43793255947865073
[0.6014068898010035, 0.5370535911582632, 0.48857928235239506, 0.4514942910062358, 0.4239924189162332, 0.40258492920735645, 0.38541239909780306, 0.37399279681553366, 0.36243543213311935, 0.3523735642985616]
csi35 per frame: 0.15316429778528107
[0.3166504077016663, 0.25483758653220084, 0.20881101581141792, 0.17595843098219763, 0.146957803466196, 0.12599237398121918, 0.10118711583279949, 0.08100240720119638, 0.06716866810746752, 0.053077168236448605]
csi45 per frame: 0.03899933219762139
[0.16542180715606375, 0.09528605051777286, 0.05380053399613716, 0.03440197128528049, 0.019711775558081002, 0.011630422232457667, 0.005299537031349973, 0.002701414743528475, 0.0012204818390437638, 0.0005193276164984994]
mae per frame: 1039.7002517700198
[546.9231795892483, 704.0608027760575, 838.4137056676352, 952.4162911764006, 1045.3252858231706, 1128.5479644031059, 1206.5734328851468, 1267.7320558129288, 1327.0448501214748, 1379.9649494450266]
psnr per frame: 21.186740409202987
[25.953204325045533, 23.917826329887216, 22.508064339243777, 21.502641845844078, 20.767216582465583, 20.18475311578396, 19.72721176883448, 19.394039908213212, 19.084583384887782, 18.827862491824305]
ssim per frame: 0.6056487888037103
[0.7754618436362295, 0.708350303749125, 0.6569341240187728, 0.6201394902043168, 0.5941647947061278, 0.5723075712756766, 0.5523588586251683, 0.538335678959177, 0.5248867837205614, 0.5135484391419457]
lpips per frame: 49.843674200337105
[37.303110775424216, 42.93669244138206, 46.24212224309037, 48.461144508385075, 50.44629908189541, 51.925850459715214, 53.62645344036381, 54.84892311619549, 55.90872902695725, 56.737416909962164]
hss_csi_score per frame: 0.19492313100719333
