mse per frame: 152.9808738085119
[42.14660000684785, 66.86131972336187, 93.15861985741591, 119.3828913246713, 144.26563458326387, 168.41909516497356, 191.47648298682236, 213.25943268566596, 235.11047672178685, 255.7281850303092]
hss20 per frame: 0.378646547276945
[0.6145364895622721, 0.5279701987790915, 0.46074328638088713, 0.40895989372243036, 0.3693477071222848, 0.3372629903444539, 0.3063293287177367, 0.2798423760876758, 0.2525461976031551, 0.22892700444946518]
hss35 per frame: 0.12265059737812026
[0.4026881529668002, 0.26805364318480474, 0.18309028184375903, 0.12374254795725388, 0.0832955159160258, 0.05923823436123669, 0.040726074577186896, 0.027769566558404086, 0.020960816441014347, 0.016941139974716704]
hss45 per frame: 0.028842169666574633
[0.17829052994675382, 0.06688058309338549, 0.022404153582178746, 0.009513498813774385, 0.004487878425935256, 0.0026239123337765333, 0.0015061565210915946, 0.0011685344894958084, 0.0009014131056436169, 0.0006450363537111551]
csi20 per frame: 0.39226235893761796
[0.5728800713133662, 0.502096409512136, 0.45144943437396573, 0.4135846164849708, 0.3857160504479483, 0.36209662751761634, 0.33872283168490175, 0.31853285448801194, 0.2977729261278824, 0.27977176742538457]
csi35 per frame: 0.08301691551646083
[0.27524648491631887, 0.1739124172046532, 0.11620922987118754, 0.0787142597202473, 0.05463898239657064, 0.04069264475673841, 0.030390719858530306, 0.023245238345950967, 0.01973686150235293, 0.017382316592057138]
csi45 per frame: 0.016951160547849363
[0.10815815796172532, 0.03764472538447673, 0.01235264243090178, 0.005230538961196924, 0.0024465748571136253, 0.0014210234550751275, 0.0008101864844117106, 0.0006226199478346599, 0.000480354031138411, 0.00034478196461933103]
mae per frame: 1034.0863258622333
[535.4319767649581, 689.4162536621093, 821.2406903522769, 937.2623219559833, 1033.8661231064216, 1123.1080207638624, 1201.5958277260386, 1268.8860816025153, 1335.1756256847848, 1394.8803370033822]
psnr per frame: 21.267604323428753
[26.124321846104777, 24.175292905883428, 22.783569172893994, 21.736453100522276, 20.946196732451902, 20.291145137753112, 19.758657851232748, 19.32809260910357, 18.930620310360126, 18.601693567981744]
ssim per frame: 0.6134693314104398
[0.7783195163526752, 0.7118390375445881, 0.6612183871271488, 0.6244245382271864, 0.5989423253088855, 0.5777488708886813, 0.5622504425430028, 0.5508439554086402, 0.5394613107126973, 0.5296449299909012]
lpips per frame: 52.75708970136759
[41.229560680505706, 46.673187359077176, 50.05080529102465, 52.31792207171277, 54.13088642242478, 55.31692374043348, 56.087774765200734, 56.666025155928075, 57.31113211410801, 57.78667941326049]
hss_csi_score per frame: 0.14151409407625684
