mse per frame: 162.71873031151006
[45.48917945303568, 74.1000355790301, 103.99969366120129, 132.59389283715225, 158.63842349168732, 182.800822150998, 204.58467334654273, 223.58902338539684, 242.32880088992235, 259.06275832013387]
hss20 per frame: 0.40430116206509964
[0.6286621997481145, 0.5552261614559912, 0.4834709910465308, 0.4305788378524488, 0.39107474463712494, 0.3582918855153196, 0.32946665280966675, 0.30784441891996694, 0.28727126000951236, 0.2711244686563192]
hss35 per frame: 0.2364609835767724
[0.4550459131528454, 0.3842322301708183, 0.31334989776834926, 0.26696853418893274, 0.22887286545865704, 0.19622324571199432, 0.16452298857326342, 0.1375366391514913, 0.11707694425909375, 0.10078057733227858]
hss45 per frame: 0.07359883791159473
[0.22538840500848517, 0.16380727563172184, 0.10058103433031913, 0.07623975145628738, 0.055419652071705475, 0.03967130249180034, 0.027206248201359806, 0.021497419921493226, 0.015079206411548801, 0.011098083591226254]
csi20 per frame: 0.4171193057167009
[0.5882069149910799, 0.5259975827982577, 0.47162744166351317, 0.43218890922663594, 0.4047434129409221, 0.3817207872338932, 0.3619106600556716, 0.3475486384044691, 0.33412085405599024, 0.3231278557965815]
csi35 per frame: 0.15937113145110599
[0.3206939652419596, 0.26439124180978857, 0.21028217649285136, 0.17665316653364205, 0.15028803306602476, 0.1284423826605971, 0.10807460720798596, 0.09001770984867855, 0.07744087237471495, 0.06742715927481531]
csi45 per frame: 0.04322647882677285
[0.14034921878126733, 0.09720448364033414, 0.05748647664052427, 0.04318488972179661, 0.0308431355069155, 0.021974832750489795, 0.014974389315007735, 0.011849011121329689, 0.008305264351879373, 0.006093086438184189]
mae per frame: 1056.3408274655226
[545.677889791349, 706.7286298054021, 842.5849620539967, 961.1001716427687, 1060.0272754203984, 1149.5767554306403, 1230.0207120569742, 1294.4925127727229, 1358.5615270102896, 1414.637838670684]
psnr per frame: 20.9316243781245
[25.807653480847627, 23.742642660216934, 22.314837076630972, 21.291144216242607, 20.530475945151057, 19.921062261445165, 19.440161681665217, 19.074020440689132, 18.735367318800662, 18.458878699555353]
ssim per frame: 0.6000714935976575
[0.7778050048065549, 0.7089766263934051, 0.6566135029803463, 0.6166676567915214, 0.5875771052297182, 0.5632787473486743, 0.543017292541393, 0.5287919458877264, 0.5145823157031398, 0.5034047382940933]
lpips per frame: 46.25429386227596
[36.2228191843847, 41.20673549974837, 43.448016447264976, 44.80492174625397, 46.296582425512916, 47.62033976432754, 48.889794291519536, 50.03955055300782, 51.43880149940165, 52.575377211338136]
hss_csi_score per frame: 0.1953132419502773
